tensor([0.1500, 0.2375, 0.3250, 0.4125, 0.5000, 0.5875, 0.6750, 0.7625, 0.8500])
torch.Size([100, 5]) torch.Size([100, 9])
Groundtruth:
 xi_data=[[-4.88217086e-01 -1.25002086e+00  6.50085926e-01 -7.63310790e-02
   4.25604552e-01]
 [ 9.42062914e-01  1.12398005e+00 -1.41407573e+00 -1.42679954e+00
  -8.70779634e-01]
 [-2.15266481e-01  1.62414110e+00  1.75299537e+00 -3.95671874e-01
   5.67387819e-01]
 [-3.21328580e-01  7.70995691e-02  1.06454206e+00 -2.49329522e-01
  -2.63726187e+00]
 [-1.16369808e+00 -2.16839361e+00  1.21170890e+00  2.41252482e-01
  -3.86515893e-02]
 [-1.22683614e-01 -1.50054753e+00 -3.11528206e-01  5.35094005e-04
  -7.27397203e-01]
 [ 7.89925277e-01  4.85373676e-01 -1.43548220e-01  1.27479649e+00
   8.00953865e-01]
 [-1.05686283e+00 -2.51662672e-01 -5.04359245e-01 -4.55780655e-01
   3.05294800e+00]
 [ 1.19088031e-01  3.97615165e-01 -6.96914017e-01  8.45289111e-01
  -9.53959897e-02]
 [-1.52899849e+00  6.42146707e-01  3.06094021e-01 -8.54969263e-01
   4.73411232e-01]
 [ 1.12500989e+00  2.46639899e-03  1.02268016e+00 -7.81507492e-01
   2.95792848e-01]
 [-9.32795227e-01 -1.19824243e+00  4.75056648e-01  1.40523577e+00
  -4.45639119e-02]
 [-6.44961476e-01 -2.40493044e-01  5.42171374e-02  1.17695558e+00
  -5.46969548e-02]
 [ 4.10152853e-01  9.05343950e-01  1.38824195e-01 -1.19491398e+00
   7.21033096e-01]
 [ 1.28947878e+00 -8.45250845e-01  1.29618764e+00  1.53699383e-01
  -1.83397401e-02]
 [ 1.01413751e+00  1.89876342e+00  2.53975201e+00  3.20326626e-01
  -6.93466485e-01]
 [-6.21883750e-01 -4.62958872e-01 -4.13600087e-01 -7.35517621e-01
  -8.81909013e-01]
 [-1.41025567e+00 -9.11437929e-01 -3.87228131e-01 -1.06065428e+00
   2.32423520e+00]
 [-5.90458751e-01  1.12030947e+00  1.41154456e+00  1.88997233e+00
  -6.23133540e-01]
 [ 9.02335167e-01 -2.02374649e+00 -1.18173385e+00  4.30810392e-01
   1.57571018e-01]
 [ 7.89578795e-01  5.60003042e-01  1.21354312e-02 -4.56551164e-01
  -4.77900594e-01]
 [ 1.11825931e+00  3.95647585e-01 -5.37649632e-01 -1.24562156e+00
  -2.46108294e+00]
 [-9.98570323e-01  1.56407261e+00 -5.56629062e-01  9.85174000e-01
   1.30733848e+00]
 [ 6.01737142e-01  8.31737280e-01  9.77263391e-01  4.69009966e-01
   1.73338950e-01]
 [ 5.49442947e-01  2.30871350e-01  1.16482794e+00 -1.59768987e+00
  -5.62795579e-01]
 [-1.27321327e+00 -6.09422743e-01 -5.97892821e-01  6.83004200e-01
   1.48805320e+00]
 [-1.04456425e+00  1.91309795e-01  7.77873676e-04  2.31048331e-01
   3.19397986e-01]
 [-1.84322879e-01  6.59322500e-01 -1.83754456e+00 -6.99827433e-01
  -1.20492530e+00]
 [-4.51260418e-01  1.76360834e+00  1.39880463e-01 -2.41664991e-01
   1.43558896e+00]
 [-1.14403173e-01 -6.93670928e-01  1.67914271e-01  5.65640748e-01
  -2.90614069e-01]
 [ 2.04346716e-01  1.31142899e-01 -9.86598015e-01  1.60583580e+00
  -1.81278038e+00]
 [-5.57597220e-01  1.03236175e+00  1.09676933e+00  7.95909584e-01
   6.38848484e-01]
 [-1.61238575e+00 -1.30267277e-01  5.87276042e-01 -2.16544032e-01
  -7.40567267e-01]
 [ 7.51662612e-01 -1.77123368e-01  3.63162875e-01 -5.71452200e-01
  -1.33164406e+00]
 [-1.50746810e+00  4.33405370e-01 -1.02179274e-01  4.13735956e-01
   4.06530112e-01]
 [-4.03859109e-01 -1.51642561e-01  9.22229439e-02 -1.22922337e+00
   1.15780675e+00]
 [-2.15183640e+00 -1.75608873e+00 -6.00162745e-01 -4.68308955e-01
  -6.27915680e-01]
 [ 4.14065748e-01  6.03922367e-01 -8.97460401e-01 -2.52004504e-01
  -6.60535514e-01]
 [-1.58482969e+00 -1.82360500e-01  1.39546633e+00  1.59423158e-01
  -1.03330620e-01]
 [-2.45152235e+00  1.19393206e+00 -4.59151179e-01 -7.49135375e-01
  -9.31061566e-01]
 [ 7.98976958e-01  4.05276239e-01  9.75405097e-01 -2.77747107e+00
  -2.75954515e-01]
 [-1.59956515e-01 -4.31823611e-01 -6.03220344e-01  4.54692423e-01
   1.08568561e+00]
 [ 5.75563788e-01  8.82642090e-01 -5.54217160e-01  2.02019602e-01
  -5.23745537e-01]
 [ 9.06483471e-01  1.35740423e+00  8.24041963e-01 -2.42826656e-01
  -1.48916721e+00]
 [-1.32818878e+00  6.23205066e-01  1.51978835e-01 -6.73635900e-01
  -5.04202068e-01]
 [ 6.71061993e-01 -1.52804649e+00  1.24037468e+00 -1.79903233e+00
   1.06702471e+00]
 [ 3.60645205e-01 -7.74312913e-02  4.59266961e-01  3.89907742e+00
   1.68027794e+00]
 [-2.03541309e-01 -1.05649817e+00 -7.78296590e-01  7.12790668e-01
  -3.82966578e-01]
 [ 8.08305264e-01  6.15614474e-01  8.03015083e-02  9.29264069e-01
  -1.12484908e+00]
 [ 2.60011256e-01  1.17680597e+00 -6.06231451e-01 -1.16714919e+00
   5.19151568e-01]
 [-1.52601492e+00 -5.85798860e-01 -1.12506342e+00  1.79964471e+00
   2.69250751e+00]
 [-8.89784172e-02 -1.43216109e+00  2.34309345e-01 -8.10499728e-01
   3.03536981e-01]
 [-2.34439433e-01  1.52593195e+00  3.21667969e-01  1.29601693e+00
   2.67673165e-01]
 [-9.17878032e-01 -8.47672105e-01 -4.96850997e-01 -6.41500473e-01
   1.24172807e+00]
 [-1.49619532e+00 -1.10808694e+00  1.32772553e+00  2.54228175e-01
   6.13956511e-01]
 [-1.25754619e+00  1.15668550e-01 -1.96718216e+00  1.51413858e+00
  -1.01126932e-01]
 [-9.98329148e-02 -4.04337883e-01  4.09248918e-01 -6.37004673e-01
  -4.42371070e-01]
 [ 2.51809448e-01 -8.73177171e-01  9.73922253e-01  1.55816108e-01
   2.64090985e-01]
 [-1.05096245e+00 -1.17780530e+00 -1.95850879e-01  7.79579699e-01
  -8.52776945e-01]
 [ 4.31635857e-01 -1.01685596e+00 -2.16421261e-01 -1.53140712e+00
   9.35553536e-02]
 [-8.26551244e-02  2.15725589e+00 -5.98679900e-01  1.01247084e+00
  -6.86970413e-01]
 [ 1.04010083e-01  7.25900710e-01 -1.77613184e-01 -1.34557128e-01
  -1.27599013e+00]
 [ 1.76469886e+00 -4.04279649e-01 -9.74250615e-01 -1.96730220e+00
   2.88663417e-01]
 [-4.12220269e-01  4.76624608e-01  5.87927222e-01 -6.51642680e-01
  -2.45678115e+00]
 [-1.62678194e+00 -1.79436520e-01  7.63072550e-01  3.96582782e-01
   5.41700097e-03]
 [ 6.61876857e-01  1.19858205e-01 -2.10239959e+00 -6.44721687e-01
  -1.86181819e+00]
 [ 4.95298773e-01  3.14964741e-01  3.24487358e-01  1.05163383e+00
  -1.69660449e-01]
 [ 3.78419846e-01  3.06588322e-01  1.18513919e-01  1.89573658e+00
   1.24304485e+00]
 [-8.81586894e-02  3.53648067e-01  6.28578663e-01 -1.20083416e+00
   1.15083230e+00]
 [ 2.70223141e-01 -1.39728040e-01  3.37155312e-01 -4.88531828e-01
   7.01298416e-01]
 [ 1.59859324e+00  8.41353059e-01 -6.97302222e-01 -2.81882346e-01
   9.98756707e-01]
 [ 5.70629716e-01  1.98486149e-01  1.29865229e-01  1.46412715e-01
   2.94880819e+00]
 [-7.10021779e-02  8.63365054e-01  7.32469141e-01 -3.71327549e-01
   1.00318539e+00]
 [-2.01201272e+00  1.18341279e+00 -5.07647753e-01 -5.63628495e-01
   6.18916333e-01]
 [ 1.39652658e+00  1.80926278e-01 -1.60691059e+00  1.20389068e+00
   1.93583846e+00]
 [-2.49552399e-01  7.03694895e-02 -1.27758980e-01 -5.78615487e-01
  -8.95224104e-04]
 [ 7.20539987e-01  1.16080368e+00  2.71017581e-01 -2.17523599e+00
   1.56753314e+00]
 [-1.30221704e-02  4.50546503e-01  1.31934702e+00 -1.56440079e-01
   1.28509831e+00]
 [ 1.93596631e-01  3.46498877e-01 -7.06763640e-02  1.99466074e+00
   1.45496204e-01]
 [ 8.40481520e-01  1.67589128e-01 -1.09356534e+00 -7.57291019e-01
   1.45907211e+00]
 [ 2.40886331e-01 -9.19313490e-01  4.34246778e-01 -4.30635214e-01
   1.50206268e-01]
 [ 4.22664285e-01 -1.14356399e+00  3.19157720e+00  6.70611918e-01
  -1.02566516e+00]
 [-5.46876729e-01 -6.73870146e-01  2.64936894e-01  1.16195297e+00
  -1.06060374e+00]
 [-2.37043947e-01 -1.17094743e+00  2.13970661e-01 -8.27579796e-01
   3.21259014e-02]
 [ 1.44087717e-01 -7.59836495e-01  1.76317975e-01 -1.01838827e+00
  -1.79284126e-01]
 [-1.72505891e+00  9.11898762e-02 -3.28150094e-01  8.73000503e-01
   8.07985544e-01]
 [ 9.54652131e-02 -3.86940688e-01 -6.61051273e-01  4.71182019e-01
  -1.67204514e-01]
 [ 4.11177814e-01  8.67620349e-01  1.83602929e-01  1.21571505e+00
   5.95508695e-01]
 [ 1.20188403e+00 -3.31243239e-02 -4.46084201e-01  1.06162056e-01
   9.44845527e-02]
 [-2.84566104e-01  1.43465590e+00  1.29316521e+00  8.82418156e-01
   1.84743360e-01]
 [ 1.16354156e+00 -4.23862278e-01 -4.06553686e-01  7.09566891e-01
  -1.56343043e+00]
 [ 2.03790441e-01  6.83837295e-01 -8.35511327e-01  1.19834936e+00
   1.12708330e+00]
 [ 4.22326893e-01 -5.26651144e-01  4.33990389e-01 -7.89128616e-02
   1.71601921e-01]
 [ 1.64480269e+00 -1.35832000e+00  3.24932672e-02  2.01931179e-01
   3.41333807e-01]
 [ 1.11311007e+00 -9.35463071e-01  4.58455049e-02 -6.07264876e-01
   1.51165619e-01]
 [-7.46222734e-01  5.55593967e-01  2.01978292e-02  2.51818419e+00
   3.31459552e-01]
 [ 1.25573897e+00 -5.37232876e-01  9.73858535e-02 -6.68656826e-02
   2.13083076e+00]
 [ 1.01577568e+00  9.41108882e-01 -1.38278902e+00 -3.19435328e-01
  -1.01267882e-01]
 [-1.90959680e+00 -1.14000879e-01 -1.01773572e+00  1.43859863e-01
  -1.86208829e-01]
 [-1.58859074e-01 -3.15083742e-01 -1.41887501e-01 -1.33382291e-01
  -9.61130798e-01]],
 y_data=[[0.8965401  0.8279029  0.7068436  0.5993996  0.4883329  0.3711436
  0.24319187 0.15798338 0.10101896]
 [0.6349167  0.48211238 0.3943497  0.3956961  0.35881177 0.31001455
  0.28971618 0.23420809 0.1429919 ]
 [0.9212012  0.90790075 0.89539945 0.8382021  0.75336665 0.7072063
  0.5771521  0.37742358 0.21070173]
 [0.85326827 0.8193879  0.76433533 0.7155615  0.60837525 0.48204455
  0.33120063 0.19285342 0.14153923]
 [0.96637994 0.8901553  0.780989   0.67111355 0.50473434 0.33558497
  0.1944995  0.11788774 0.065828  ]
 [0.8136986  0.70505744 0.5866132  0.44714305 0.3335152  0.24671753
  0.15609355 0.11326817 0.07547522]
 [0.78585094 0.6987382  0.611065   0.49523038 0.4128858  0.3457887
  0.26635945 0.2510383  0.13970849]
 [0.97592735 0.89837635 0.8102636  0.6903871  0.59103    0.5403642
  0.50056463 0.35039255 0.1809727 ]
 [0.84619534 0.771567   0.6525013  0.56665736 0.5309446  0.42602736
  0.3800407  0.3176394  0.19767204]
 [0.95141065 0.94054043 0.8953955  0.8735196  0.8376298  0.7497709
  0.61970896 0.46010503 0.25891933]
 [0.7182091  0.5943088  0.5245675  0.44192705 0.3576769  0.2669407
  0.20296821 0.12030079 0.06459552]
 [0.9174234  0.8748079  0.770561   0.6742065  0.50071126 0.36134034
  0.30424815 0.16621281 0.08476001]
 [0.9134159  0.8456023  0.7904966  0.6771282  0.5592992  0.49340183
  0.36892286 0.28740582 0.19905604]
 [0.8018102  0.7100909  0.65940785 0.6094805  0.5284408  0.48692405
  0.40443763 0.28120866 0.15701693]
 [0.75625145 0.59744906 0.5092867  0.37070346 0.29795298 0.19795601
  0.12939192 0.07317261 0.02794376]
 [0.7562468  0.7378206  0.7127619  0.66668487 0.62300086 0.5106368
  0.3511814  0.24082977 0.14299995]
 [0.8832092  0.76308984 0.6889285  0.61123633 0.5553798  0.46006623
  0.35870352 0.2600343  0.12910445]
 [0.9518305  0.8750866  0.82004136 0.680058   0.6087313  0.55520964
  0.44763374 0.31754598 0.15080427]
 [0.92678595 0.91488343 0.90159965 0.8410596  0.74052334 0.6235833
  0.47869438 0.40192083 0.27526635]
 [0.7479172  0.59779006 0.40168473 0.23583381 0.1491886  0.11673671
  0.06128489 0.05079621 0.02659003]
 [0.7339764  0.6253891  0.52122337 0.45156932 0.42956752 0.35608628
  0.28844956 0.22501953 0.09689043]
 [0.5877038  0.40571094 0.35161164 0.30981997 0.27507234 0.25312176
  0.17611751 0.13587151 0.07800521]
 [0.9665364  0.9478328  0.9156328  0.85242075 0.8214061  0.78077906
  0.68580157 0.59993327 0.42277938]
 [0.81436    0.73476845 0.6597772  0.63181794 0.54699004 0.46372047
  0.35574698 0.24696785 0.16572021]
 [0.76702255 0.6660687  0.60718066 0.5579633  0.50894463 0.3803355
  0.302825   0.16560596 0.09182049]
 [0.9479913  0.90885454 0.8082687  0.7077664  0.59379554 0.5198784
  0.44348222 0.31954688 0.22861078]
 [0.9309917  0.8771081  0.8390257  0.7879533  0.7284976  0.6099527
  0.511144   0.3834846  0.22875164]
 [0.8098398  0.70184046 0.6396894  0.57948387 0.5294775  0.4870657
  0.41718388 0.40123266 0.280775  ]
 [0.94645065 0.9076601  0.88093585 0.82636607 0.7929679  0.74053437
  0.67122656 0.5050681  0.3352474 ]
 [0.85621583 0.7674673  0.6778359  0.5709058  0.44245422 0.3371307
  0.2607117  0.19335517 0.10309967]
 [0.8405948  0.69133997 0.6513689  0.52604663 0.46241626 0.37591663
  0.3191196  0.26411596 0.1848081 ]
 [0.93875754 0.9373854  0.84105575 0.81604016 0.75078756 0.63871586
  0.5507085  0.41914627 0.2280698 ]
 [0.9564337  0.9252222  0.9118076  0.83484185 0.79831994 0.6409052
  0.46114945 0.34085682 0.20139307]
 [0.7010364  0.62883025 0.5324933  0.4248621  0.36099696 0.26540002
  0.2138885  0.13723446 0.08108266]
 [1.0101082  0.9647329  0.8965651  0.8248913  0.78436416 0.6825842
  0.5774789  0.47201857 0.3063786 ]
 [0.93588287 0.81426674 0.7141449  0.6598042  0.57417953 0.53415895
  0.39666212 0.27513766 0.13326761]
 [0.97545457 0.89440495 0.8198027  0.72124237 0.5708948  0.50436884
  0.3740369  0.24874188 0.16574459]
 [0.76706684 0.66050375 0.5851788  0.52267265 0.45611072 0.38938448
  0.3328094  0.27500662 0.19880947]
 [0.96882445 0.9525661  0.9019137  0.8355717  0.72341484 0.6051991
  0.46909901 0.29916176 0.1915048 ]
 [0.9771645  0.9912994  0.9502425  0.94873804 0.91795594 0.87603056
  0.7864258  0.6367147  0.46076554]
 [0.6918057  0.5700384  0.5317328  0.5028401  0.41888356 0.3904965
  0.2760522  0.1718102  0.09005312]
 [0.8673878  0.79572374 0.6654633  0.54788154 0.4467718  0.39272445
  0.3075811  0.23087332 0.137956  ]
 [0.75711113 0.66615874 0.6067984  0.5075808  0.48786578 0.42062297
  0.36593875 0.28689268 0.20776188]
 [0.7286091  0.64686763 0.62341696 0.56072474 0.50821507 0.43134505
  0.33053514 0.23961522 0.16707125]
 [0.9642837  0.9243969  0.8786503  0.85892165 0.79892796 0.6986466
  0.59914017 0.4548894  0.28322607]
 [0.8000622  0.6480565  0.5505748  0.44177106 0.3472257  0.26273403
  0.15226158 0.09051677 0.03167437]
 [0.8701866  0.83827007 0.7350334  0.6004083  0.41856003 0.296849
  0.26476148 0.21798281 0.13947071]
 [0.8585291  0.7403184  0.616073   0.49373266 0.3950314  0.29504994
  0.23172896 0.15310282 0.10910816]
 [0.75392115 0.6464163  0.6029006  0.5250629  0.4344911  0.35570052
  0.2689149  0.23096417 0.16158536]
 [0.8046994  0.6745198  0.6520834  0.60629314 0.58015406 0.5300406
  0.4749504  0.34656733 0.1898542 ]
 [0.9809864  0.94199044 0.83891964 0.7171629  0.60653955 0.53152484
  0.43908593 0.3839408  0.2231743 ]
 [0.8277985  0.7168528  0.61233854 0.47031775 0.3828913  0.25798318
  0.21759444 0.13240895 0.05760655]
 [0.92539907 0.8962875  0.82659775 0.7878097  0.7201212  0.65533644
  0.5639984  0.4734831  0.319921  ]
 [0.9140949  0.82212305 0.7192457  0.6341399  0.5317839  0.47010112
  0.36789706 0.25306728 0.14504418]
 [0.969439   0.9265478  0.866075   0.7633681  0.64943224 0.49872968
  0.349219   0.20855482 0.11840253]
 [0.9354528  0.90930444 0.8106101  0.7328334  0.67862284 0.60783744
  0.55363274 0.5007337  0.39246306]
 [0.82474947 0.7688415  0.6551858  0.60045445 0.49073505 0.40502065
  0.2917465  0.1826735  0.13952675]
 [0.869979   0.7428803  0.63618684 0.5353567  0.42894426 0.2917012
  0.19829522 0.14591417 0.07814898]
 [0.9583225  0.8609988  0.77052194 0.64967346 0.512843   0.39347306
  0.2851584  0.23942189 0.15390185]
 [0.75178313 0.60461724 0.48622882 0.38906217 0.33516672 0.25273755
  0.18074973 0.09111479 0.0457501 ]
 [0.924116   0.8486699  0.80923814 0.7743345  0.74649704 0.7247683
  0.6144811  0.5430578  0.44134822]
 [0.8161236  0.71724886 0.66911435 0.6270522  0.56989056 0.50906885
  0.4001487  0.27271137 0.21973665]
 [0.55713624 0.3492437  0.24920067 0.17081738 0.16303833 0.10395904
  0.13177183 0.03753292 0.00810491]
 [0.8830876  0.8172908  0.7691616  0.7135021  0.6551818  0.55516875
  0.42351773 0.28644773 0.18100736]
 [0.9684327  0.95839727 0.88449526 0.84237295 0.7455736  0.64288056
  0.4811047  0.36733195 0.18887223]
 [0.6651096  0.47702703 0.35331535 0.32584164 0.28510463 0.2658016
  0.20090273 0.1779845  0.14936447]
 [0.79147714 0.7263747  0.68573827 0.57823855 0.46523067 0.36973202
  0.29728225 0.24729191 0.12745528]
 [0.8653277  0.8047611  0.7045162  0.5685457  0.46512216 0.38883013
  0.30945018 0.26077893 0.16464204]
 [0.8760462  0.79509974 0.73900396 0.69391316 0.59589297 0.5121881
  0.42472333 0.27294514 0.11896873]
 [0.81735516 0.73475295 0.63407916 0.5508927  0.46584296 0.39989033
  0.3026529  0.18158711 0.09915664]
 [0.6214225  0.48138824 0.39870426 0.3056056  0.2974025  0.23616086
  0.22221681 0.18339023 0.09867883]
 [0.8196509  0.75370204 0.6409854  0.48887694 0.41849217 0.35626352
  0.30380553 0.19585805 0.09184498]
 [0.86833847 0.8302375  0.79860353 0.7312763  0.63819426 0.58309627
  0.48475397 0.36538225 0.16767505]
 [0.97593284 0.9317804  0.96777105 0.94043344 0.8988005  0.8401551
  0.7594169  0.6049157  0.42543584]
 [0.7233506  0.5695717  0.4584543  0.27686262 0.21066934 0.19664076
  0.1858894  0.13763939 0.08562887]
 [0.88945365 0.7866899  0.6907312  0.6458149  0.59669214 0.47068602
  0.38691074 0.25792795 0.2002393 ]
 [0.7667986  0.6607268  0.59296745 0.5353184  0.51325166 0.48638195
  0.4223849  0.23300067 0.09974005]
 [0.89825463 0.84587246 0.8030388  0.6901833  0.63192356 0.5306905
  0.423273   0.2635298  0.11810786]
 [0.85498136 0.801143   0.69377095 0.60161674 0.48446935 0.4131534
  0.32427385 0.25664744 0.19463316]
 [0.7396218  0.5983047  0.47371152 0.39121634 0.30913755 0.29835021
  0.24909535 0.19673622 0.11256763]
 [0.8307217  0.71791357 0.6070475  0.45171973 0.37447432 0.29583585
  0.2381685  0.14728448 0.06279857]
 [0.8765247  0.8314556  0.7498056  0.6297382  0.44587538 0.26127145
  0.14585932 0.07433301 0.04140886]
 [0.91372967 0.8373342  0.7690306  0.6674004  0.5211651  0.3887742
  0.2780066  0.21365039 0.16673644]
 [0.88271105 0.752355   0.63588226 0.55562735 0.4320585  0.32510692
  0.21364386 0.16808505 0.06583643]
 [0.80177164 0.69602084 0.5648673  0.48523623 0.40750444 0.33608213
  0.22376776 0.17492141 0.07259401]
 [0.96623427 0.9534964  0.91479355 0.8668611  0.74997413 0.6823361
  0.6183903  0.4722997  0.33216792]
 [0.8498498  0.7124133  0.5905079  0.49372047 0.41751325 0.33581024
  0.2837946  0.22317806 0.14587326]
 [0.8308853  0.762877   0.69574827 0.62524724 0.54160124 0.48652154
  0.38976976 0.29956076 0.19322188]
 [0.6803269  0.54138154 0.4343129  0.33520642 0.3016957  0.21962364
  0.1920713  0.12621592 0.08930678]
 [0.91430664 0.88036174 0.85696936 0.80295444 0.76936704 0.68633324
  0.52260536 0.41079125 0.25738996]
 [0.70046455 0.51407087 0.43069062 0.33739614 0.26554102 0.19383894
  0.12194002 0.11031787 0.08246589]
 [0.8620631  0.80516315 0.70402575 0.59189206 0.5131274  0.474866
  0.4238983  0.33129933 0.23730086]
 [0.8070671  0.6989658  0.61005497 0.47334525 0.38653916 0.311259
  0.23845233 0.13056503 0.08991936]
 [0.6590058  0.49203247 0.40488303 0.23916432 0.16427702 0.10383529
  0.07653318 0.03411576 0.01766365]
 [0.7046291  0.52712077 0.43570334 0.3029207  0.23334154 0.17176367
  0.1273782  0.07421169 0.03649424]
 [0.93622017 0.92201126 0.8701527  0.7584745  0.68003464 0.6060238
  0.50595427 0.43039364 0.31939816]
 [0.73149836 0.5841594  0.47032067 0.3211415  0.2726935  0.21124572
  0.13754503 0.11242544 0.06996286]
 [0.6762262  0.5581307  0.46655664 0.41262993 0.33612618 0.33685812
  0.27348685 0.22533216 0.14974335]
 [0.9643146  0.9516775  0.8878817  0.80305463 0.7686563  0.69090855
  0.5937227  0.48333684 0.32088417]
 [0.83204955 0.719338   0.6658449  0.60486585 0.48729366 0.4268355
  0.27824536 0.24728015 0.13996638]]
0
Groundtruth:
 xi_data=[[-0.4882171  -1.2500209   0.6500859  -0.07633108  0.42560455]],
 y_data=[[0.8965401  0.8279029  0.7068436  0.5993996  0.4883329  0.3711436
  0.24319187 0.15798338 0.10101896]]
0_AVI
Estimated mean:
[-0.34239066 -0.9613456   0.6941242   0.2901256   0.12441162]
Estimated covariance matrix:
[[0.08429638 0.09120234 0.1023878  0.08878101 0.09774368]
 [0.09120234 0.10601612 0.10322485 0.11130534 0.08944423]
 [0.1023878  0.10322485 0.15095799 0.08461824 0.13328065]
 [0.08878101 0.11130534 0.08461824 0.21483725 0.06261074]
 [0.09774368 0.08944423 0.13328065 0.06261074 0.3491258 ]]
torch.Size([1000, 5])
------------------------------------------------------------------------------------------
0_MCMC
torch.Size([1000, 5])

                mean       std    median      5.0%     95.0%     n_eff     r_hat
  input[0]     -0.55      0.33     -0.54     -1.07     -0.00    584.31      1.00
  input[1]     -1.21      0.35     -1.21     -1.79     -0.64    596.30      1.00
  input[2]      0.48      0.43      0.48     -0.21      1.19    653.82      1.00
  input[3]      0.03      0.50      0.03     -0.72      0.89    812.38      1.00
  input[4]     -0.14      0.62     -0.13     -1.12      0.92    936.36      1.01

Number of divergences: 0
None
------------------------------------------------------------------------------------------
*****************************************************************************************************************************************************************************************
1
Groundtruth:
 xi_data=[[ 0.9420629   1.12398    -1.4140757  -1.4267995  -0.87077963]],
 y_data=[[0.6349167  0.48211238 0.3943497  0.3956961  0.35881177 0.31001455
  0.28971618 0.23420809 0.1429919 ]]
1_AVI
Estimated mean:
[ 1.3114908   1.398549   -0.94156563 -0.8802513  -0.26559514]
Estimated covariance matrix:
[[ 0.03773028  0.03867495  0.04038214  0.06224931  0.09137734]
 [ 0.03867495  0.05013055  0.03668217  0.04215629  0.10247182]
 [ 0.04038214  0.03668217  0.11029723  0.03254081  0.0678617 ]
 [ 0.06224931  0.04215629  0.03254081  0.30462036 -0.00242948]
 [ 0.09137734  0.10247182  0.0678617  -0.00242948  0.4973233 ]]
torch.Size([1000, 5])
------------------------------------------------------------------------------------------
1_MCMC
torch.Size([1000, 5])

                mean       std    median      5.0%     95.0%     n_eff     r_hat
  input[0]      1.12      0.21      1.12      0.79      1.48    685.60      1.00
  input[1]      1.19      0.24      1.19      0.82      1.61    776.46      1.00
  input[2]     -1.16      0.34     -1.16     -1.76     -0.63   1254.30      1.00
  input[3]     -1.24      0.59     -1.25     -2.14     -0.24   1222.58      1.00
  input[4]     -0.62      0.75     -0.64     -1.85      0.61    926.89      1.00

Number of divergences: 0
None
------------------------------------------------------------------------------------------
*****************************************************************************************************************************************************************************************
2
Groundtruth:
 xi_data=[[-0.21526648  1.6241411   1.7529954  -0.39567187  0.5673878 ]],
 y_data=[[0.9212012  0.90790075 0.89539945 0.8382021  0.75336665 0.7072063
  0.5771521  0.37742358 0.21070173]]
2_AVI
Estimated mean:
[-1.0195998  0.6656458  0.7587786 -0.8991334  0.2923566]
Estimated covariance matrix:
[[0.0950456  0.10590526 0.10990404 0.10690453 0.06511456]
 [0.10590526 0.12329452 0.12645718 0.12222921 0.05618707]
 [0.10990404 0.12645718 0.15723392 0.14580908 0.07412759]
 [0.10690453 0.12222921 0.14580908 0.24903643 0.11398025]
 [0.06511456 0.05618707 0.07412759 0.11398025 0.29544458]]
torch.Size([1000, 5])
------------------------------------------------------------------------------------------
2_MCMC
torch.Size([1000, 5])

                mean       std    median      5.0%     95.0%     n_eff     r_hat
  input[0]     -0.74      0.31     -0.72     -1.26     -0.23    744.05      1.00
  input[1]      0.98      0.38      1.00      0.35      1.59    761.08      1.00
  input[2]      1.16      0.43      1.15      0.49      1.90    721.52      1.00
  input[3]     -0.55      0.53     -0.53     -1.39      0.35    906.14      1.00
  input[4]      0.81      0.64      0.79     -0.25      1.87    901.58      1.00

Number of divergences: 0
None
------------------------------------------------------------------------------------------
*****************************************************************************************************************************************************************************************
3
Groundtruth:
 xi_data=[[-0.32132858  0.07709957  1.064542   -0.24932952 -2.6372619 ]],
 y_data=[[0.85326827 0.8193879  0.76433533 0.7155615  0.60837525 0.48204455
  0.33120063 0.19285342 0.14153923]]
3_AVI
Estimated mean:
[-0.01817827  0.24268939  1.5959326   0.00770374 -0.8984512 ]
Estimated covariance matrix:
[[0.0775451  0.09043717 0.10653554 0.10269834 0.0893992 ]
 [0.09043717 0.11356609 0.12118488 0.13111685 0.07772176]
 [0.10653554 0.12118488 0.16797517 0.14069347 0.13075528]
 [0.10269834 0.13111685 0.14069347 0.25619894 0.08951877]
 [0.0893992  0.07772176 0.13075528 0.08951877 0.3199847 ]]
torch.Size([1000, 5])
------------------------------------------------------------------------------------------
3_MCMC
torch.Size([1000, 5])

                mean       std    median      5.0%     95.0%     n_eff     r_hat
  input[0]     -0.00      0.30      0.00     -0.51      0.47    699.65      1.00
  input[1]      0.33      0.37      0.32     -0.29      0.94    759.46      1.00
  input[2]      1.66      0.45      1.66      0.93      2.38    720.53      1.00
  input[3]     -0.09      0.56     -0.09     -0.94      0.88    836.99      1.00
  input[4]     -1.03      0.65     -1.01     -2.15      0.05    905.86      1.00

Number of divergences: 0
None
------------------------------------------------------------------------------------------
*****************************************************************************************************************************************************************************************
4
Groundtruth:
 xi_data=[[-1.1636981  -2.1683936   1.2117089   0.24125248 -0.03865159]],
 y_data=[[0.96637994 0.8901553  0.780989   0.67111355 0.50473434 0.33558497
  0.1944995  0.11788774 0.065828  ]]
4_AVI
Estimated mean:
[-0.90739506 -1.8163016   1.4507259   0.8290514   0.15601644]
Estimated covariance matrix:
[[0.10202326 0.10698502 0.12199117 0.10014049 0.09443258]
 [0.10698502 0.12465837 0.11718745 0.13423313 0.06848787]
 [0.12199117 0.11718745 0.17957512 0.09662521 0.1531767 ]
 [0.10014049 0.13423313 0.09662521 0.25591657 0.06529231]
 [0.09443258 0.06848787 0.1531767  0.06529231 0.42561638]]
torch.Size([1000, 5])
------------------------------------------------------------------------------------------
4_MCMC
torch.Size([1000, 5])

                mean       std    median      5.0%     95.0%     n_eff     r_hat
  input[0]     -1.24      0.39     -1.22     -1.87     -0.64    723.46      1.00
  input[1]     -2.13      0.41     -2.12     -2.77     -1.46    722.53      1.00
  input[2]      1.12      0.46      1.11      0.41      1.91    832.58      1.00
  input[3]      0.37      0.57      0.38     -0.49      1.34    863.34      1.00
  input[4]     -0.36      0.63     -0.34     -1.41      0.64   1253.69      1.00

Number of divergences: 0
None
------------------------------------------------------------------------------------------
*****************************************************************************************************************************************************************************************
5
Groundtruth:
 xi_data=[[-1.22683614e-01 -1.50054753e+00 -3.11528206e-01  5.35094005e-04
  -7.27397203e-01]],
 y_data=[[0.8136986  0.70505744 0.5866132  0.44714305 0.3335152  0.24671753
  0.15609355 0.11326817 0.07547522]]
5_AVI
Estimated mean:
[ 0.40502757 -1.0682149   0.22626561  0.5027098  -0.1106525 ]
Estimated covariance matrix:
[[0.07170626 0.07631784 0.09083059 0.07810909 0.10831903]
 [0.07631784 0.09259342 0.08199614 0.10153317 0.11158551]
 [0.09083059 0.08199614 0.15793839 0.04334442 0.15244587]
 [0.07810909 0.10153317 0.04334442 0.23495641 0.02528211]
 [0.10831903 0.11158551 0.15244587 0.02528211 0.3964515 ]]
torch.Size([1000, 5])
------------------------------------------------------------------------------------------
5_MCMC
torch.Size([1000, 5])

                mean       std    median      5.0%     95.0%     n_eff     r_hat
  input[0]      0.42      0.28      0.43     -0.05      0.86    674.14      1.00
  input[1]     -1.09      0.31     -1.08     -1.64     -0.61    718.61      1.00
  input[2]      0.23      0.43      0.23     -0.46      0.91    746.66      1.00
  input[3]      0.62      0.51      0.60     -0.24      1.44    857.57      1.00
  input[4]     -0.10      0.66     -0.09     -1.19      0.97    953.39      1.00

Number of divergences: 0
None
------------------------------------------------------------------------------------------
*****************************************************************************************************************************************************************************************
6
Groundtruth:
 xi_data=[[ 0.7899253   0.48537368 -0.14354822  1.2747965   0.80095387]],
 y_data=[[0.78585094 0.6987382  0.611065   0.49523038 0.4128858  0.3457887
  0.26635945 0.2510383  0.13970849]]
6_AVI
Estimated mean:
[ 0.32990348 -0.00300516 -0.645458    0.6427286  -0.28239107]
Estimated covariance matrix:
[[0.06343771 0.070972   0.06864464 0.08161421 0.09972879]
 [0.070972   0.08401932 0.07269546 0.08666673 0.11718637]
 [0.06864464 0.07269546 0.10965437 0.06131262 0.10226985]
 [0.08161421 0.08666673 0.06131262 0.22887388 0.02413915]
 [0.09972879 0.11718637 0.10226985 0.02413915 0.41322592]]
torch.Size([1000, 5])
------------------------------------------------------------------------------------------
6_MCMC
torch.Size([1000, 5])

                mean       std    median      5.0%     95.0%     n_eff     r_hat
  input[0]      0.61      0.23      0.62      0.24      1.02    543.97      1.00
  input[1]      0.27      0.28      0.28     -0.20      0.71    552.72      1.00
  input[2]     -0.29      0.36     -0.30     -0.89      0.27    642.15      1.00
  input[3]      0.98      0.50      0.98      0.18      1.83    850.20      1.00
  input[4]      0.26      0.69      0.24     -0.84      1.40    886.22      1.00

Number of divergences: 0
None
------------------------------------------------------------------------------------------
*****************************************************************************************************************************************************************************************
7
Groundtruth:
 xi_data=[[-1.0568628  -0.25166267 -0.50435925 -0.45578066  3.052948  ]],
 y_data=[[0.97592735 0.89837635 0.8102636  0.6903871  0.59103    0.5403642
  0.50056463 0.35039255 0.1809727 ]]
7_AVI
Estimated mean:
[-1.4450877 -0.7700998 -0.8740103 -0.1120425  1.5373163]
Estimated covariance matrix:
[[0.09985034 0.10345127 0.09245147 0.08314284 0.07414413]
 [0.10345127 0.10965529 0.09553113 0.08947321 0.07282744]
 [0.09245147 0.09553113 0.11119573 0.0766836  0.06586214]
 [0.08314284 0.08947321 0.0766836  0.17437641 0.06574281]
 [0.07414413 0.07282744 0.06586214 0.06574281 0.3478052 ]]
torch.Size([1000, 5])
------------------------------------------------------------------------------------------
7_MCMC
torch.Size([1000, 5])

                mean       std    median      5.0%     95.0%     n_eff     r_hat
  input[0]     -1.42      0.40     -1.40     -2.10     -0.79    838.61      1.00
  input[1]     -0.68      0.44     -0.67     -1.42      0.05    836.83      1.00
  input[2]     -0.86      0.37     -0.85     -1.51     -0.28    887.19      1.00
  input[3]     -0.49      0.43     -0.50     -1.21      0.19    890.54      1.00
  input[4]      2.69      0.61      2.69      1.72      3.72   1228.94      1.01

Number of divergences: 0
None
------------------------------------------------------------------------------------------
*****************************************************************************************************************************************************************************************
8
Groundtruth:
 xi_data=[[ 0.11908803  0.39761516 -0.696914    0.8452891  -0.09539599]],
 y_data=[[0.84619534 0.771567   0.6525013  0.56665736 0.5309446  0.42602736
  0.3800407  0.3176394  0.19767204]]
8_AVI
Estimated mean:
[-0.08221112  0.23090686 -0.9131801   0.13557206  0.21044016]
Estimated covariance matrix:
[[0.07017515 0.07744211 0.07411955 0.08648733 0.09661245]
 [0.07744211 0.08852234 0.07939546 0.08983275 0.1081377 ]
 [0.07411955 0.07939546 0.11038138 0.07583697 0.08497936]
 [0.08648733 0.08983275 0.07583697 0.21699731 0.05207887]
 [0.09661245 0.1081377  0.08497936 0.05207887 0.3915278 ]]
torch.Size([1000, 5])
------------------------------------------------------------------------------------------
8_MCMC
torch.Size([1000, 5])

                mean       std    median      5.0%     95.0%     n_eff     r_hat
  input[0]     -0.09      0.29     -0.09     -0.56      0.38    464.11      1.00
  input[1]      0.20      0.32      0.21     -0.30      0.75    479.81      1.00
  input[2]     -0.95      0.37     -0.96     -1.55     -0.33    689.07      1.00
  input[3]      0.15      0.49      0.14     -0.64      0.99    621.74      1.00
  input[4]      0.37      0.65      0.37     -0.65      1.50   1020.79      1.00

Number of divergences: 0
None
------------------------------------------------------------------------------------------
*****************************************************************************************************************************************************************************************
9
Groundtruth:
 xi_data=[[-1.5289985   0.6421467   0.30609402 -0.85496926  0.47341123]],
 y_data=[[0.95141065 0.94054043 0.8953955  0.8735196  0.8376298  0.7497709
  0.61970896 0.46010503 0.25891933]]
9_AVI
Estimated mean:
[-1.3178966   0.98371595  0.60697377 -0.80251116  0.23601633]
Estimated covariance matrix:
[[0.10748333 0.11915876 0.11688122 0.10176709 0.04986626]
 [0.11915876 0.13792202 0.13731654 0.11664747 0.04139343]
 [0.11688122 0.13731654 0.16754955 0.14852922 0.05209123]
 [0.10176709 0.11664747 0.14852922 0.24791738 0.12457854]
 [0.04986626 0.04139343 0.05209123 0.12457854 0.329332  ]]
torch.Size([1000, 5])
------------------------------------------------------------------------------------------
9_MCMC
torch.Size([1000, 5])

                mean       std    median      5.0%     95.0%     n_eff     r_hat
  input[0]     -1.20      0.39     -1.18     -1.81     -0.54    548.48      1.00
  input[1]      1.05      0.46      1.06      0.31      1.80    549.16      1.00
  input[2]      0.69      0.49      0.67     -0.10      1.50    577.44      1.00
  input[3]     -0.68      0.60     -0.67     -1.65      0.32    804.03      1.00
  input[4]      0.19      0.62      0.19     -0.78      1.21   1229.24      1.00

Number of divergences: 0
None
------------------------------------------------------------------------------------------
*****************************************************************************************************************************************************************************************
10
Groundtruth:
 xi_data=[[ 1.1250099   0.0024664   1.0226802  -0.7815075   0.29579285]],
 y_data=[[0.7182091  0.5943088  0.5245675  0.44192705 0.3576769  0.2669407
  0.20296821 0.12030079 0.06459552]]
10_AVI
Estimated mean:
[ 0.94542575 -0.16065739  0.775815   -0.40449238 -0.47565567]
Estimated covariance matrix:
[[0.05299797 0.05594572 0.07191131 0.06626178 0.1039658 ]
 [0.05594572 0.0705236  0.06485634 0.0873021  0.09648309]
 [0.07191131 0.06485634 0.1327354  0.04314189 0.14261638]
 [0.06626178 0.0873021  0.04314189 0.23528019 0.0324716 ]
 [0.1039658  0.09648309 0.14261638 0.0324716  0.42513412]]
torch.Size([1000, 5])
------------------------------------------------------------------------------------------
10_MCMC
torch.Size([1000, 5])

                mean       std    median      5.0%     95.0%     n_eff     r_hat
  input[0]      1.00      0.24      1.01      0.63      1.41    720.34      1.00
  input[1]     -0.14      0.28     -0.13     -0.61      0.30    782.95      1.00
  input[2]      0.84      0.40      0.85      0.23      1.51    912.51      1.00
  input[3]     -0.32      0.50     -0.32     -1.19      0.47   1103.57      1.00
  input[4]     -0.48      0.72     -0.50     -1.57      0.77    954.58      1.00

Number of divergences: 0
None
------------------------------------------------------------------------------------------
*****************************************************************************************************************************************************************************************
11
Groundtruth:
 xi_data=[[-0.9327952  -1.1982424   0.47505665  1.4052358  -0.04456391]],
 y_data=[[0.9174234  0.8748079  0.770561   0.6742065  0.50071126 0.36134034
  0.30424815 0.16621281 0.08476001]]
11_AVI
Estimated mean:
[-0.7969668  -1.2464447   0.81178916  0.5066819   0.30102426]
Estimated covariance matrix:
[[0.09422544 0.10092824 0.10996614 0.09626266 0.09307825]
 [0.10092824 0.11565229 0.1113802  0.11910218 0.08018762]
 [0.10996614 0.1113802  0.15567896 0.09784179 0.1272855 ]
 [0.09626266 0.11910218 0.09784179 0.22495511 0.07370847]
 [0.09307825 0.08018762 0.1272855  0.07370847 0.3664852 ]]
torch.Size([1000, 5])
------------------------------------------------------------------------------------------
11_MCMC
torch.Size([1000, 5])

                mean       std    median      5.0%     95.0%     n_eff     r_hat
  input[0]     -0.56      0.36     -0.53     -1.14      0.01    536.90      1.00
  input[1]     -0.99      0.40     -0.96     -1.65     -0.36    562.29      1.00
  input[2]      1.12      0.49      1.13      0.28      1.86    584.55      1.00
  input[3]      0.88      0.53      0.88      0.01      1.77    793.72      1.00
  input[4]      0.81      0.71      0.78     -0.34      2.00    828.25      1.00

Number of divergences: 0
None
------------------------------------------------------------------------------------------
*****************************************************************************************************************************************************************************************
12
Groundtruth:
 xi_data=[[-0.6449615  -0.24049304  0.05421714  1.1769556  -0.05469695]],
 y_data=[[0.9134159  0.8456023  0.7904966  0.6771282  0.5592992  0.49340183
  0.36892286 0.28740582 0.19905604]]
12_AVI
Estimated mean:
[-0.69843507 -0.29495096 -0.01232554  0.7834282  -0.02935641]
Estimated covariance matrix:
[[0.09094124 0.10153471 0.1003697  0.10640731 0.095457  ]
 [0.10153471 0.11606034 0.11118208 0.1206445  0.10022557]
 [0.1003697  0.11118208 0.13624251 0.11083687 0.1025736 ]
 [0.10640731 0.1206445  0.11083687 0.22555934 0.07998154]
 [0.095457   0.10022557 0.1025736  0.07998154 0.37311646]]
torch.Size([1000, 5])
------------------------------------------------------------------------------------------
12_MCMC
torch.Size([1000, 5])

                mean       std    median      5.0%     95.0%     n_eff     r_hat
  input[0]     -0.62      0.33     -0.62     -1.15     -0.09    627.48      1.00
  input[1]     -0.23      0.37     -0.23     -0.82      0.37    618.07      1.00
  input[2]      0.01      0.41     -0.01     -0.66      0.69    633.89      1.00
  input[3]      0.96      0.50      0.96      0.13      1.73    795.96      1.00
  input[4]      0.04      0.65      0.05     -1.02      1.14   1091.72      1.00

Number of divergences: 0
None
------------------------------------------------------------------------------------------
*****************************************************************************************************************************************************************************************
13
Groundtruth:
 xi_data=[[ 0.41015285  0.90534395  0.1388242  -1.194914    0.7210331 ]],
 y_data=[[0.8018102  0.7100909  0.65940785 0.6094805  0.5284408  0.48692405
  0.40443763 0.28120866 0.15701693]]
13_AVI
Estimated mean:
[ 0.2957769   0.7882362   0.14076325 -0.9861314   0.0198986 ]
Estimated covariance matrix:
[[0.0588669  0.06304923 0.07497229 0.0834739  0.09705275]
 [0.06304923 0.07200399 0.07832342 0.08513772 0.09272688]
 [0.07497229 0.07832342 0.11978021 0.09995732 0.09551458]
 [0.0834739  0.08513772 0.09995732 0.2177243  0.09555393]
 [0.09705275 0.09272688 0.09551458 0.09555393 0.39150888]]
torch.Size([1000, 5])
------------------------------------------------------------------------------------------
13_MCMC
torch.Size([1000, 5])

                mean       std    median      5.0%     95.0%     n_eff     r_hat
